name: num_guess_env
channels:
  - defaults
dependencies:
  - bzip2=1.0.8=h2bbff1b_6
  - ca-certificates=2025.2.25=haa95532_0
  - colorama=0.4.6=py310haa95532_0
  - exceptiongroup=1.2.0=py310haa95532_0
  - expat=2.7.1=h8ddb27b_0
  - iniconfig=2.1.0=py310haa95532_0
  - libffi=3.4.4=hd77b12b_1
  - openssl=3.0.16=h3f729d1_0
  - packaging=24.2=py310haa95532_0
  - pip=25.1=pyhc872135_2
  - pluggy=1.5.0=py310haa95532_0
  - pygments=2.19.1=py310haa95532_0
  - pytest=8.4.1=py310haa95532_0
  - python=3.10.18=h981015d_0
  - setuptools=78.1.1=py310haa95532_0
  - sqlite=3.45.3=h2bbff1b_0
  - tk=8.6.14=h5e9d12e_1
  - tomli=2.0.1=py310haa95532_0
  - tzdata=2025b=h04d1e81_0
  - ucrt=10.0.22621.0=haa95532_0
  - vc=14.3=h2df5915_10
  - vc14_runtime=14.44.35208=h4927774_10
  - vs2015_runtime=14.44.35208=ha6b5a95_10
  - wheel=0.45.1=py310haa95532_0
  - xz=5.6.4=h4754444_1
  - zlib=1.2.13=h8cc25b3_1
prefix: C:\Users\nguye\miniconda3\envs\num_guess_env
